62
40
21
54
8
39
98
50
15
85
17
74
7
68
16
38
15
6
4
84
59
64
89
16
67
88
63
93
45
69
28
77
4
77
0
88
5
78
62
80
16
77
79
34
79
26
94
18
96
3
86
55
31
93
99
10
60
75
67
74
13
13
69
50
78
26
70
8
5
34
37
22
54
92
80
57
84
45
77
36
13
42
4
48
81
51
35
88
31
45
41
69
4
89
60
73
6
39
2
93
60
59
52
49
53
26
51
31
86
46
30
86
98
19
41
48
48
64
93
44
54
0
10
54
87
82
8
65
52
12
56
53
32
37
100
18
47
15
70
95
53
61
11
0
7
40
44
72
28
43
89
5
88
55
10
68
10
10
28
84
67
54
49
29
77
70
98
6
27
5
40
87
98
80
46
20
96
7
8
27
5
55
36
63
46
14
49
38
21
3
3
84
61
29
18
63
43
90
62
51
96
33
50
86
44
22
71
30
11
11
63
15
33
55
18
72
58
74
11
4
9
47
70
1
85
87
25
90
9
37
80
63
60
97
59
77
12
9
0
74
94
32
41
18
97
37
27
51
47
18
5
37
4
18
26
43
79
92
28
23
86
86
97
78
37
37
27
3
25
94
3
44
55
48
86
76
5
19
57
77
71
39
33
51
79
41
55
7
57
75
48
4
16
56
78
7
66
11
93
5


