06
84
65
98
2
73
32
94
59
29
51
18
1
02
50
72
59
0
8
28
93
08
23
50
01
22
07
37
89
03
62
11
8
11
4
22
9
12
06
24
50
11
13
78
13
60
38
52
30
7
20
99
75
37
33
54
04
19
01
18
57
57
03
94
12
60
14
2
9
78
71
66
98
36
24
91
28
89
11
70
57
86
8
82
25
95
79
22
75
89
85
03
8
23
04
17
0
73
6
37
04
93
96
83
97
60
95
75
20
80
74
20
32
53
85
82
82
08
37
88
98
4
54
98
21
26
2
09
96
56
90
97
76
71
544
52
81
59
14
39
97
05
55
4
1
84
88
16
62
87
23
9
22
99
54
02
54
54
62
28
01
98
83
63
11
14
32
0
61
9
84
21
32
24
80
64
30
1
2
61
9
99
70
07
80
58
83
72
65
7
7
28
05
63
52
07
87
34
06
95
30
77
94
20
88
66
15
74
55
55
07
59
77
99
52
16
92
18
55
8
3
81
14
5
29
21
69
34
3
71
24
07
04
31
93
11
56
3
4
18
38
76
85
52
31
71
61
95
81
52
9
71
8
52
60
87
13
36
62
67
20
20
31
12
71
71
61
7
69
38
7
88
99
82
20
10
9
53
91
11
15
73
77
95
13
85
99
1
91
19
82
8
50
90
12
1
00
55
37
9

